
0.9048843704165076,0.29337458409421857,0.3274841891637924,0.18446412028231723,0.4654596107671642,0.20761382512085227
0.8406401318036608,0.2760521000058524,0.5912707135076982,0.2673492904335853,0.670853652028348,0.24897241623339422
0.7374240689022828,0.25879368834384936,0.7509894950352279,0.27485074257197245,0.7193831841297178,0.23835333461208993
0.6214763617367544,0.2176188821712777,0.8257630284141606,0.24592290888827378,0.6852023125872333,0.19932198853466462
0.5319402865121738,0.19422322290308,0.8690536362277809,0.22015533968135342,0.6375551963573363,0.17800413040610807
0.4615405222585847,0.17607501758543231,0.8946724116667321,0.1988318427419876,0.5884510912351513,0.16507029221354988
0.40611141886977725,0.15886065523686474,0.9117257307644165,0.18226368928862505,0.5434600725486849,0.15496149717691082
0.3620029736191758,0.14445452514285462,0.924116936198259,0.1686257015647285,0.5036212932510887,0.14689635472787582
0.3262609417802241,0.13220499830967558,0.9332399743472386,0.15769404935072667,0.46857750900058526,0.14004800298781991
0.29688975507821674,0.12158154701315439,0.9407733811131346,0.14821119307551267,0.43792275582645124,0.13382102897899847