1000,0.6037791418027944,0.34080226710822553,0.6010915121682625,0.3406093409376679,0.5603241826961206,0.2990187202357788
2000,0.6438936360276165,0.32885168381671936,0.6428149366210895,0.3455204999402656,0.6011763889012033,0.2969128948605998
3000,0.7024617749291755,0.33104419451566225,0.6497574923787154,0.33600055944997065,0.6368609312025346,0.30138420865491444
4000,0.7378824141552422,0.31375718681204606,0.6853823636352737,0.32907737125756087,0.6730973696278518,0.29158708404059236
5000,0.7072414675084858,0.3050947460657704,0.711578851541884,0.31655965606551933,0.674299584405514,0.27948503903824856
6000,0.7818869868441871,0.3048154077241478,0.705150964823269,0.3285025836642706,0.7068218863415665,0.29267042790718706
7000,0.7614375028104895,0.28889638043396826,0.7400598826876137,0.30828537948611484,0.7185196535018967,0.27296103763026325
8000,0.7998583831408093,0.2967877350556008,0.7139633469564591,0.3234959145163715,0.7199616824162822,0.2873402006501169
9000,0.7955253234416718,0.2982477467786059,0.717967594613639,0.3222439886626769,0.7215787830169497,0.2877431709082064
10000,0.8000610335016828,0.3006424636290091,0.7149331095926548,0.3262529715957832,0.7214774749532716,0.2914153106741984
20000,0.8356978692570586,0.2714033916351634,0.7455475341689227,0.30906231793222405,0.7554976368879718,0.27207348051813485
40000,0.8755345992582406,0.24907061930725857,0.7641515315190701,0.3032181503160204,0.784932825908661,0.264394441740816
80000,0.888236528060413,0.25191170000825047,0.752754848028703,0.3124856410075507,0.7832757269892954,0.27347596909392113
160000,0.9067119789588602,0.22624115518640706,0.7778822225573312,0.29810919051920604,0.8067845650175968,0.2565710051520452